## 1. Create the dataset
cardio <- c(
  0, 1, 1, 0, 0, 0, 1, 0, 1, 1, 0, 0, 1, 0, 0, 0, 1, 0, 0, 0,
  0, 0, 1, 1, 1, 0, 0, 0, 0, 1, 0, 1, 1, 0, 0, 0, 1, 1, 1, 0,
  1, 0, 0, 0, 1, 1, 0, 1, 0, 0, 0, 0, 1, 0, 1, 1, 1, 1, 0, 0,
  1, 0, 1, 0, 1, 1, 1, 0, 1, 1, 0, 0, 1, 1, 1, 1, 0, 1, 0, 0,
  1, 0, 0, 0, 1, 0, 0, 0, 0, 0, 0, 0, 1, 0, 1, 1, 1, 1, 1, 1,
  1, 0, 1, 1, 0, 0, 0, 1, 1, 1, 1, 0, 1, 1, 0, 1, 1, 0, 0, 0,
  0, 0, 0, 0, 1, 1, 1, 0, 0, 1, 0, 1, 0, 1, 1, 0, 0, 0, 0, 0,
  0, 1, 0, 0, 0, 1, 1, 1, 0, 0, 0, 0, 0, 0, 1, 0, 1, 1, 1, 1,
  1, 1, 0, 0, 1, 1, 1, 1, 0, 1, 0, 0, 0, 0, 0, 0, 1, 1, 1, 0,
  0, 1, 1, 0, 1, 0, 1, 1, 1, 1, 1, 0, 1, 1, 0, 0, 1, 1, 1, 1,
  1, 0, 1, 0, 1, 0, 1, 1, 1, 1, 0, 1, 0, 0, 0, 1, 1, 1, 0, 0,
  0, 1, 0, 0, 1, 0, 1, 0, 1, 0, 1, 1, 1, 0, 0, 0, 0, 0, 1, 0,
  1, 1, 1, 1, 0, 1, 1, 0, 1, 1, 0, 0, 1, 1, 1, 1, 1, 1, 1, 0,
  0, 1, 0, 0
)

thal <- c(
  6, 3, 7, 3, 3, 3, 3, 3, 7, 7, 6, 3, 6, 7, 7, 3, 7, 3, 3, 3,
  3, 3, 3, 7, 7, 3, 3, 3, 3, 7, 3, 7, 3, 7, 3, 3, 7, 6, 7, 3,
  7, 7, 3, 3, 3, 7, 3, 7, 3, 3, 3, 7, 3, 3, 7, 7, 7, 7, 3, 3,
  7, 3, 7, 3, 7, 7, 3, 7, 7, 3, 3, 7, 7, 6, 3, 3, 7, 3, 3, 7,
  3, 3, 3, 7, 3, 3, 3, 3, 3, 3, 3, 7, 3, 7, 7, 7, 7, 7, 3, 3,
  7, 6, 7, 3, 3, 3, 7, 7, 7, 7, 3, 7, 3, 3, 7, 7, 3, 3, 7, 7,
  3, 3, 3, 3, 7, 7, 7, 3, 3, 7, 3, 7, 7, 3, 7, 3, 3, 3, 7, 3,
  7, 7, 3, 3, 7, 7, 7, 7, 7, 3, 3, 3, 3, 3, 3, 7, 7, 7, 3, 3,
  7, 3, 7, 3, 7, 7, 6, 3, 3, 7, 7, 3, 7, 3, 3, 7, 6, 7, 7, 3,
  7, 7, 3, 3, 3, 3, 3, 3, 3, 3, 7, 7, 7, 3, 3, 7, 3, 7, 7, 3,
  7, 3, 3, 3, 7, 7, 7, 3, 3, 3, 3, 3, 3, 3, 3, 7, 3, 3, 3, 3,
  3, 6, 6, 6, 7, 3, 7, 6, 7, 3, 3, 7, 3, 3, 3, 3, 3, 7, 3, 7,
  3, 7, 3, 7, 6, 6, 7, 7, 3, 7, 3, 7, 3, 7, 7, 6, 7, 7, 7, 7,
  7, 3, 3, 3
)

## 2. Ensure same length (safety)
min_len <- min(length(cardio), length(thal))
cardio <- cardio[1:min_len]
thal   <- thal[1:min_len]

## 3. Put into a data frame
data <- data.frame(
  cardio = as.integer(cardio),  # 0/1 outcome
  thal   = as.numeric(thal)     # predictor
)

## 4. Fit logistic regression: cardio ~ thal
model <- glm(cardio ~ thal, data = data, family = binomial)

## 5. Predicted probabilities for cardio = 1
p_hat <- predict(model, type = "response")

## 6. Compute Brier Score
brier_score <- mean((p_hat - data$cardio)^2)

cat("Brier Score:", brier_score, "\n")
