
# Create the dataset
data <- data.frame(
  Cardio = c(
    0, 1, 1, 0, 0, 0, 1, 0, 1, 1, 0, 0, 1, 0, 0, 0, 1, 0, 0, 0,
    0, 0, 1, 1, 1, 0, 0, 0, 0, 1, 0, 1, 1, 0, 0, 0, 1, 1, 1, 0,
    1, 0, 0, 0, 1, 1, 0, 1, 0, 0, 0, 0, 1, 0, 1, 1, 1, 1, 0, 0,
    1, 0, 1, 0, 1, 1, 1, 0, 1, 1, 0, 0, 1, 1, 1, 1, 0, 1, 0, 0,
    1, 0, 0, 0, 1, 0, 0, 0, 0, 0, 0, 0, 1, 0, 1, 1, 1, 1, 1, 1,
    1, 0, 1, 1, 0, 0, 0, 1, 1, 1, 1, 0, 1, 1, 0, 1, 1, 0, 0, 0,
    0, 0, 0, 0, 1, 1, 1, 0, 0, 1, 0, 1, 0, 1, 1, 0, 0, 0, 0, 0,
    0, 1, 0, 0, 0, 1, 1, 1, 0, 0, 0, 0, 0, 0, 1, 0, 1, 1, 1, 1,
    1, 1, 0, 0, 1, 1, 1, 1, 0, 1, 0, 0, 0, 0, 0, 0, 1, 1, 1, 0,
    0, 1, 1, 0, 1, 0, 1, 1, 1, 1, 1, 0, 1, 1, 0, 0, 1, 1, 1, 1,
    1, 0, 1, 0, 1, 0, 1, 1, 1, 1, 0, 1, 0, 0, 0, 1, 1, 1, 0, 0,
    0, 1, 0, 0, 1, 0, 1, 0, 1, 0, 1, 1, 1, 0, 0, 0, 0, 0, 1, 0,
    1, 1, 1, 1, 0, 1, 1, 0, 1, 1, 0, 0, 1, 1, 1, 1, 1, 1, 1, 0,
    0, 1, 0, 0
  ),
  Thal = c(
    6, 3, 7, 3, 3, 3, 3, 3, 7, 7, 6, 3, 6, 7, 7, 3, 7, 3, 3, 3,
    3, 3, 3, 7, 7, 3, 3, 3, 3, 7, 3, 7, 3, 7, 3, 3, 7, 6, 7, 3,
    7, 7, 3, 3, 3, 7, 3, 7, 3, 3, 3, 7, 3, 3, 7, 7, 7, 7, 3, 3,
    7, 3, 7, 3, 7, 7, 3, 7, 7, 3, 3, 7, 7, 6, 3, 3, 7, 3, 3, 7,
    3, 3, 3, 7, 3, 3, 3, 3, 3, 3, 3, 7, 3, 7, 7, 7, 7, 7, 3, 3,
    7, 6, 7, 3, 3, 3, 7, 7, 7, 7, 3, 7, 3, 3, 7, 7, 3, 3, 7, 7,
    3, 3, 3, 3, 7, 7, 7, 3, 3, 7, 3, 7, 7, 3, 7, 3, 3, 3, 7, 3,
    7, 7, 3, 3, 7, 7, 7, 7, 7, 3, 3, 3, 3, 3, 3, 7, 7, 7, 3, 3,
    7, 3, 7, 3, 7, 7, 6, 3, 3, 7, 7, 3, 7, 3, 3, 7, 6, 7, 7, 3,
    7, 7, 3, 3, 3, 3, 3, 3, 3, 3, 7, 7, 7, 3, 3, 7, 3, 7, 7, 3,
    7, 3, 3, 3, 7, 7, 7, 3, 3, 3, 3, 3, 3, 3, 3, 7, 3, 3, 3, 3,
    3, 6, 6, 6, 7, 3, 7, 6, 7, 3, 3, 7, 3, 3, 3, 3, 3, 7, 3, 7,
    3, 7, 3, 7, 6, 6, 7, 7, 3, 7, 3, 7, 3, 7, 7, 6, 7, 7, 7, 7,
    7, 3, 3, 3
  )
)

# Fit logistic regression: Cardio ~ Thal
model <- glm(Cardio ~ Thal, data = data, family = binomial)

# Predicted probabilities for Cardio = 1
p_hat <- predict(model, type = "response")

# Brier Score
brier_score <- mean((p_hat - data$Cardio)^2)

cat("Brier Score:", brier_score, "\n")
